-0.508606 -0.752285 0.80127 
-0.286515 1.2271 0.511874 
1.10629 -0.569123 1.40441 
-0.936085 -0.851416 0.0171595 
-0.32758 -0.63766 -1.27905 
0.415516 -1.46667 -0.260855 
1.19095 0.669601 -0.802606 
1.10446 -1.37659 -0.552571 
-1.05611 -1.01945 -0.910939 
-0.509653 -0.588104 1.26753 
-0.649092 -0.578151 -0.513294 
1.31293 -1.10939 -0.73293 
-1.33699 -1.26595 0.400191 
-0.719441 1.24604 0.863379 
0.159122 0.235246 1.43284 
-1.07686 -0.80012 -0.657656 
1.0032 -1.57386 -0.440442 
-1.12244 -0.504295 0.907195 
0.461132 -0.046412 -1.01438 
0.501714 -1.1963 0.825653 
1.55039 0.465906 0.865014 
1.25937 0.85222 0.0125862 
-0.0934568 -0.653179 -1.47682 
-1.49363 0.988222 0.190973 
0.149342 -0.855608 -1.11362 
-0.786013 -1.2034 0.728352 
1.55561 0.148439 -0.0964627 
0.0116807 -0.0638273 1.81481 
1.03801 0.73162 0.627388 
0.522847 -0.858428 -0.243819 
